1185807283 49
1185808977 76
1185818707 134
1185889659 232
1185891247 246
1185893895 262
1185895453 272
1186056438 326
1186060740 394
1186061424 413
1186075404 469
1186076583 510
1186079641 523
1186080064 537
1186082479 534
1186247749 540
1186249588 582
1186313656 581
1186317145 620
1186317901 632
1186319152 632
1186320254 634
1186321284 651
1186321473 651
1186321571 652
1186488178 658
1186488361 663
1186489625 715
1186490927 731
1186491514 740
1186492107 761
1186492274 766
1186500578 785
1186500971 791
1186501365 799
1186502711 807
1186502726 818
1186502755 818
1186504178 823
1186903388 1162
1186912588 1181
1186912602 1182
1186925809 1199
1186935276 1234
1186942728 1238
1187091141 1234
1187091932 1237
1187092886 1233
1187094179 1252
1187103706 1244
1187103748 1259
1187110904 1292
1187112266 1295
1187116457 1300
1187117020 1301
1187262419 1312
1187264126 1312
1187264623 1310
1187265574 1313
1187266246 1314
1187266270 1325
1187267448 1327
1187268966 1345
1187269666 1350
1187269687 1312
1187270000 1308
1187284177 1335
1187698716 1334
1187700626 1361
1187702069 1361
1187710679 1365
1187712076 1364
1187712519 1370
1187713375 1380
1187721789 1379
1187782159 1384
1187782555 1361
1187783627 1365
1187805908 1366
1187950777 1369
1187951029 1369
1187951241 1371
1187952472 1380
1187954119 1380
1187957428 1380
1187957468 1381
1188309526 1388
1188309604 1391
1188399149 1391
1188400278 1391
1188404246 1391
1188407057 1391
1188407445 1391
1189062176 1394
1189063906 1392
1189064198 1393
1189064840 1400
1189065000 1400
1189081957 1405
1189150190 1405
1189150379 1406
1189152390 1407
1189154241 1410
1189155681 1424
1214633111 1456
1214633112 1456
1214638725 1461
1214638988 1455
1214640893 1453
1214642323 1452
1214643336 1432
1214646567 1426
1214715483 1430
1214715620 2104
1214715948 2101
1216052596 2124
1216053129 2136
1216053881 2144
1216128834 2137
1221401612 2137
1224364037 2460
1224531756 2473
1224597517 2472
1224599013 2471
1227341429 2471
1227341726 2475
1227342734 2476
1227345415 2476
1230016066 2483
1230017076 2489
1230017527 2490
1230018723 2490
1231950023 2497
1231950183 2498
1231950517 2501
1242557579 2501
1245345947 2501
1245347172 2509
1245348455 2523
1245348998 2525
1245484804 2521
1245500196 2521
1245501876 2524
1245502479 2524
1252521237 2530
1256576008 2530
1256577884 2530
1256580463 2534
1257592281 2535
1260703742 2537
1260703816 2558
1260704572 2563
1260704988 2564
1260803527 2564
1261583293 2573
1261583622 2583
1261583734 2592
1261583916 2590
1261585946 2590
1261589904 2642
1261590596 2659
1261597932 2677
1261598663 2677
1261599918 2647
1261642812 2647
1261643987 2652
1261644398 2656
1261645251 2663
1261645599 2664
1261646604 2664
1261731600 2659
1261733341 2659
1261733487 2662
1261734672 2669
1261735020 2669
1261815612 2672
1262962164 2672
1263080045 2727
1263231357 2727
1263484422 2728
1263588014 2730
1263588065 2730
1263638185 2730
1263645722 2740
1263647019 2740
1263648037 2740
1263648098 2744
1263650824 2761
1263709246 2764
1263710902 2776
1263713165 2776
1263746341 2783
1263747379 2783
1264922589 2785
1267226774 2786
1269377509 2787
1269377539 2786
1270213285 2791
1270213584 2792
1270213658 2792
1270213921 2792
1276003631 2792
1276005398 2801
1276145510 2801
1277251503 2801
1277661324 2801
1279912829 2802
1281164815 2843
1281165936 2879
1285683641 2879
1287336441 2885
1287602087 2885
1293988299 3051
1294476259 2886
1294477431 2890
1294503288 2890
1294591582 2890
1294593470 2990
1294600704 2929
1294601112 3034
1294685092 2890
1295074832 2896
1295282151 3034
1295285850 3035
1295287285 3049
1295287320 3049
1295305788 3060
1295372806 3056
1295450669 3056
1295453271 3055
1298043216 3063
1300729569 3064
1302027851 3064
1316030600 3079
1317151943 3079
1319398208 3089
1319398261 3089
1319552927 3088
1319555529 3093
1321775428 3096
1331239213 3096
1337522953 3096
1337603789 3110
1338230534 3112
1338230600 3112
1342190955 3115
1342192049 3119
1342204925 3116
1342514334 3122
1342556888 3134
1342692495 3149
1345998781 3172
1355664139 3213
1355773460 3155
1359401944 3155
1361690957 3158
1361691011 3158
1374589326 3178
1374590549 3180
1374866700 3180
1375108956 3218
1379816331 3218
1383439049 3220
1387631044 3220
1387631631 3220
1394467712 3229
1396097946 3229
1401393594 3240
1401393683 3247
1401796128 3232
1401816059 3232
1403019741 3251
1410533596 3255
1410589701 3243
1411191519 3244
1414096193 3244
1415044880 3244
1415377120 3244
1415377829 3243
1415378081 3243
1415378292 3244
1415378391 3244
1415379974 3244
1418093771 3244
1436896884 3244
1450893921 3244
1731777077 3669
1731790253 3819
1731860634 3818
1731861521 3818
1731861764 3818
1731870335 3825
1732211259 3908
1732211429 3911
1732213512 3970
1732265100 3970
1732265114 3970
1732265122 3970
1732266991 3952
1732269819 4011
1732270746 4024
1732279869 4025
1732282088 4025
1732288399 4025
1732289081 4025
1732289941 4031
1732392584 4067
1732394727 4070
1732661447 4072
1732664690 4077
1732693660 4077
1732782802 4114
1733002623 3989
1733243802 3989
1733243874 3989
1733506263 3990
1734035504 4023
1735703961 4023
1735745343 4033
1735952025 4078
1736016539 4166
1736018253 4167
1736149413 4167
1736201449 4169
1736336280 4183
1736549405 4228
1736550274 4225
1736552093 4226
1736553574 4206
1736553776 4206
1736791185 4211
1736940691 4215
1737015860 4244
1737016159 4247
1737052142 4250
1737101538 4291
1737102749 4296
1737401481 4251
1737421751 4286
1737817385 4290
1738381442 4290
1738381479 4290
1739411037 4280
1740792847 4280
1740792856 4280
1740792865 4280
1743103557 4288
1743105363 4280
1743261345 4309
1743262638 4310
1743689542 4310
1743689565 4310
1744059341 4350
1744059528 4371
1744182816 4399
1744287333 4420
1744368222 4454
1744368584 4459
1744368913 4461
1744369058 4456
1744640290 4473
1745996554 4474
1746016818 4497
1746367021 4505
1746367557 4505
1746367681 4505
1746367802 4505
1746817367 4507
1746818026 4511
1746818793 4512
1746903861 4513
1746995061 4545
1747042466 4549
1747078983 4551
1748856863 4551
1751353000 4551
1752671171 4555
1753089544 4555
1753090756 4553
1753092016 4582
1755583891 4585
1755903063 4584
1755903250 4588
1756805505 4588
1759304842 4588
1759666428 4588
1759785595 4589
1760717332 4637
1760726770 4719
1761977337 4719
1763126784 4759
1763143654 4769
1763158367 4755
1763228722 4716
1764456386 4708
1764534601 4708
1764535948 4711
1764563493 4711
1764663456 4683
