1185807283 49 0 0 0 0 0 0 0 0 0 0 0 0 0 0 0 0 0 0 0
1185808977 76 0 0 0 0 0 0 0 0 0 0 0 0 0 0 0 0 0 0 0
1185818707 134 0 0 0 0 0 0 0 0 0 0 0 0 0 0 0 0 0 0 0
1185889659 239 0 0 0 0 0 0 0 0 0 0 0 0 0 0 0 0 0 0 0
1185891247 259 0 0 0 0 0 0 0 0 0 0 0 0 0 0 0 0 0 0 0
1185893895 278 0 0 0 0 0 0 0 0 0 0 0 0 0 0 0 0 0 0 0
1185895453 297 0 0 0 0 0 0 0 0 0 0 0 0 0 0 0 0 0 0 0
1186056438 372 0 0 0 0 0 0 0 0 0 0 0 0 0 0 0 0 0 0 0
1186060740 447 0 0 0 0 0 0 0 0 0 0 0 0 0 0 0 0 0 0 0
1186061424 470 0 0 0 0 0 0 0 0 0 0 0 0 0 0 0 0 0 0 0
1186075404 540 0 0 0 0 0 0 0 0 0 0 0 0 0 0 0 0 0 0 0
1186076583 584 0 0 0 0 0 0 0 0 0 0 0 0 0 0 0 0 0 0 0
1186079641 599 0 0 0 0 0 0 0 0 0 0 0 0 0 0 0 0 0 0 0
1186080064 621 0 0 0 0 0 0 0 0 0 0 0 0 0 0 0 0 0 0 0
1186082479 639 0 0 0 0 0 0 0 0 0 0 0 0 0 0 0 0 0 0 0
1186247749 647 0 0 0 0 0 0 0 0 0 0 0 0 0 0 0 0 0 0 0
1186249588 702 0 0 0 0 0 0 0 0 0 0 0 0 0 0 0 0 0 0 0
1186313656 703 0 0 0 0 0 0 0 0 0 0 0 0 0 0 0 0 0 0 0
1186317145 754 0 0 0 0 0 0 0 0 0 0 0 0 0 0 0 0 0 0 0
1186317901 768 0 0 0 0 0 0 0 0 0 0 0 0 0 0 0 0 0 0 0
1186319152 769 0 0 0 0 0 0 0 0 0 0 0 0 0 0 0 0 0 0 0
1186320254 772 0 0 0 0 0 0 0 0 0 0 0 0 0 0 0 0 0 0 0
1186321284 798 0 0 0 0 0 0 0 0 0 0 0 0 0 0 0 0 0 0 0
1186321473 800 0 0 0 0 0 0 0 0 0 0 0 0 0 0 0 0 0 0 0
1186321571 801 0 0 0 0 0 0 0 0 0 0 0 0 0 0 0 0 0 0 0
1186488178 807 0 0 0 0 0 0 0 0 0 0 0 0 0 0 0 0 0 0 0
1186488361 812 0 0 0 0 0 0 0 0 0 0 0 0 0 0 0 0 0 0 0
1186489625 866 0 0 0 0 0 0 0 0 0 0 0 0 0 0 0 0 0 0 0
1186490927 885 0 0 0 0 0 0 0 0 0 0 0 0 0 0 0 0 0 0 0
1186491514 902 0 0 0 0 0 0 0 0 0 0 0 0 0 0 0 0 0 0 0
1186492107 924 0 0 0 0 0 0 0 0 0 0 0 0 0 0 0 0 0 0 0
1186492274 930 0 0 0 0 0 0 0 0 0 0 0 0 0 0 0 0 0 0 0
1186500578 950 0 0 0 0 0 0 0 0 0 0 0 0 0 0 0 0 0 0 0
1186500971 962 0 0 0 0 0 0 0 0 0 0 0 0 0 0 0 0 0 0 0
1186501365 970 0 0 0 0 0 0 0 0 0 0 0 0 0 0 0 0 0 0 0
1186502711 978 0 0 0 0 0 0 0 0 0 0 0 0 0 0 0 0 0 0 0
1186502726 994 0 0 0 0 0 0 0 0 0 0 0 0 0 0 0 0 0 0 0
1186502755 994 0 0 0 0 0 0 0 0 0 0 0 0 0 0 0 0 0 0 0
1186504178 1000 0 0 0 0 0 0 0 0 0 0 0 0 0 0 0 0 0 0 0
1186903388 1340 0 0 0 0 0 0 0 0 0 0 0 0 0 0 0 0 0 0 0
1186912588 1359 0 0 0 0 0 0 0 0 0 0 0 0 0 0 0 0 0 0 0
1186912602 1360 0 0 0 0 0 0 0 0 0 0 0 0 0 0 0 0 0 0 0
1186925809 1382 0 0 0 0 0 0 0 0 0 0 0 0 0 0 0 0 0 0 0
1186935276 1421 0 0 0 0 0 0 0 0 0 0 0 0 0 0 0 0 0 0 0
1186942728 1425 0 0 0 0 0 0 0 0 0 0 0 0 0 0 0 0 0 0 0
1187091141 1426 0 0 0 0 0 0 0 0 0 0 0 0 0 0 0 0 0 0 0
1187091932 1430 0 0 0 0 0 0 0 0 0 0 0 0 0 0 0 0 0 0 0
1187092886 1440 0 0 0 0 0 0 0 0 0 0 0 0 0 0 0 0 0 0 0
1187094179 1471 0 0 0 0 0 0 0 0 0 0 0 0 0 0 0 0 0 0 0
1187103706 1489 0 0 0 0 0 0 0 0 0 0 0 0 0 0 0 0 0 0 0
1187103748 1506 0 0 0 0 0 0 0 0 0 0 0 0 0 0 0 0 0 0 0
1187110904 1542 0 0 0 0 0 0 0 0 0 0 0 0 0 0 0 0 0 0 0
1187112266 1551 0 0 0 0 0 0 0 0 0 0 0 0 0 0 0 0 0 0 0
1187116457 1556 0 0 0 0 0 0 0 0 0 0 0 0 0 0 0 0 0 0 0
1187117020 1561 0 0 0 0 0 0 0 0 0 0 0 0 0 0 0 0 0 0 0
1187262419 1572 0 0 0 0 0 0 0 0 0 0 0 0 0 0 0 0 0 0 0
1187264126 1572 0 0 0 0 0 0 0 0 0 0 0 0 0 0 0 0 0 0 0
1187264623 1580 0 0 0 0 0 0 0 0 0 0 0 0 0 0 0 0 0 0 0
1187265574 1586 0 0 0 0 0 0 0 0 0 0 0 0 0 0 0 0 0 0 0
1187266246 1590 0 0 0 0 0 0 0 0 0 0 0 0 0 0 0 0 0 0 0
1187266270 1604 0 0 0 0 0 0 0 0 0 0 0 0 0 0 0 0 0 0 0
1187267448 1606 0 0 0 0 0 0 0 0 0 0 0 0 0 0 0 0 0 0 0
1187268966 1637 0 0 0 0 0 0 0 0 0 0 0 0 0 0 0 0 0 0 0
1187269666 1645 0 0 0 0 0 0 0 0 0 0 0 0 0 0 0 0 0 0 0
1187269687 1645 0 0 0 0 0 0 0 0 0 0 0 0 0 0 0 0 0 0 0
1187270000 1651 0 0 0 0 0 0 0 0 0 0 0 0 0 0 0 0 0 0 0
1187284177 1681 0 0 0 0 0 0 0 0 0 0 0 0 0 0 0 0 0 0 0
1187698716 1694 0 0 0 0 0 0 0 0 0 0 0 0 0 0 0 0 0 0 0
1187700626 1722 0 0 0 0 0 0 0 0 0 0 0 0 0 0 0 0 0 0 0
1187702069 1725 0 0 0 0 0 0 0 0 0 0 0 0 0 0 0 0 0 0 0
1187710679 1730 0 0 0 0 0 0 0 0 0 0 0 0 0 0 0 0 0 0 0
1187712076 1735 0 0 0 0 0 0 0 0 0 0 0 0 0 0 0 0 0 0 0
1187712519 1744 0 0 0 0 0 0 0 0 0 0 0 0 0 0 0 0 0 0 0
1187713375 1754 0 0 0 0 0 0 0 0 0 0 0 0 0 0 0 0 0 0 0
1187721789 1754 0 0 0 0 0 0 0 0 0 0 0 0 0 0 0 0 0 0 0
1187782159 1761 0 0 0 0 0 0 0 0 0 0 0 0 0 0 0 0 0 0 0
1187782555 1764 0 0 0 0 0 0 0 0 0 0 0 0 0 0 0 0 0 0 0
1187783627 1768 0 0 0 0 0 0 0 0 0 0 0 0 0 0 0 0 0 0 0
1187805908 1769 0 0 0 0 0 0 0 0 0 0 0 0 0 0 0 0 0 0 0
1187950777 1776 0 0 0 0 0 0 0 0 0 0 0 0 0 0 0 0 0 0 0
1187951029 1777 0 0 0 0 0 0 0 0 0 0 0 0 0 0 0 0 0 0 0
1187951241 1779 0 0 0 0 0 0 0 0 0 0 0 0 0 0 0 0 0 0 0
1187952472 1790 0 0 0 0 0 0 0 0 0 0 0 0 0 0 0 0 0 0 0
1187954119 1791 0 0 0 0 0 0 0 0 0 0 0 0 0 0 0 0 0 0 0
1187957428 1792 0 0 0 0 0 0 0 0 0 0 0 0 0 0 0 0 0 0 0
1187957468 1793 0 0 0 0 0 0 0 0 0 0 0 0 0 0 0 0 0 0 0
1188309526 1800 0 0 0 0 0 0 0 0 0 0 0 0 0 0 0 0 0 0 0
1188309604 1805 0 0 0 0 0 0 0 0 0 0 0 0 0 0 0 0 0 0 0
1188399149 1807 0 0 0 0 0 0 0 0 0 0 0 0 0 0 0 0 0 0 0
1188400278 1808 0 0 0 0 0 0 0 0 0 0 0 0 0 0 0 0 0 0 0
1188404246 1811 0 0 0 0 0 0 0 0 0 0 0 0 0 0 0 0 0 0 0
1188407057 1827 0 0 0 0 0 0 0 0 0 0 0 0 0 0 0 0 0 0 0
1188407445 1828 0 0 0 0 0 0 0 0 0 0 0 0 0 0 0 0 0 0 0
1189062176 1831 0 0 0 0 0 0 0 0 0 0 0 0 0 0 0 0 0 0 0
1189063906 1845 0 0 0 0 0 0 0 0 0 0 0 0 0 0 0 0 0 0 0
1189064198 1847 0 0 0 0 0 0 0 0 0 0 0 0 0 0 0 0 0 0 0
1189064840 1855 0 0 0 0 0 0 0 0 0 0 0 0 0 0 0 0 0 0 0
1189065000 1856 0 0 0 0 0 0 0 0 0 0 0 0 0 0 0 0 0 0 0
1189081957 1861 0 0 0 0 0 0 0 0 0 0 0 0 0 0 0 0 0 0 0
1189150190 1867 0 0 0 0 0 0 0 0 0 0 0 0 0 0 0 0 0 0 0
1189150379 1868 0 0 0 0 0 0 0 0 0 0 0 0 0 0 0 0 0 0 0
1189152390 1869 0 0 0 0 0 0 0 0 0 0 0 0 0 0 0 0 0 0 0
1189154241 1876 0 0 0 0 0 0 0 0 0 0 0 0 0 0 0 0 0 0 0
1189155681 1903 0 0 0 0 0 0 0 0 0 0 0 0 0 0 0 0 0 0 0
1189701013 1903 0 0 0 0 0 0 0 0 0 0 0 0 0 0 0 0 0 0 0
1189701649 1908 0 0 0 0 0 0 0 0 0 0 0 0 0 0 0 0 0 0 0
1189701775 1909 0 0 0 0 0 0 0 0 0 0 0 0 0 0 0 0 0 0 0
1214633111 1909 0 0 0 0 0 0 0 0 0 0 0 51 0 0 0 0 0 0 0
1214633112 1909 0 0 0 0 0 0 0 0 0 0 0 55 0 0 0 0 0 0 0
1214638725 1917 0 0 0 0 0 0 0 0 0 0 0 55 0 0 0 0 0 0 0
1214638988 1919 0 0 0 0 0 0 0 0 0 0 0 55 0 0 0 0 0 0 0
1214640893 1931 0 0 0 0 0 0 0 0 0 0 0 55 0 0 0 0 0 0 0
1214642323 1937 0 0 0 0 0 0 0 0 0 0 0 55 0 0 0 0 0 0 0
1214642760 1939 0 0 0 0 0 0 0 0 0 0 0 55 0 0 0 0 0 0 0
1214643336 1939 0 0 0 0 0 0 0 0 0 0 0 55 0 0 0 0 0 0 0
1214646567 1940 0 0 0 0 0 0 0 0 0 0 0 55 0 0 0 0 0 0 0
1214715483 1950 0 0 0 0 0 0 0 0 0 0 0 55 0 0 0 0 0 0 0
1214715620 2626 0 0 0 0 0 0 0 0 0 0 0 55 0 0 0 0 0 0 0
1214715948 2626 0 0 0 0 0 0 0 0 0 0 0 55 0 0 0 0 0 0 0
1216052596 2649 0 0 0 0 0 0 0 0 0 0 0 55 0 0 0 0 0 0 0
1216053129 2665 0 0 0 0 0 0 0 0 0 0 0 55 0 0 0 0 0 0 0
1216053881 2675 0 0 0 0 0 0 0 0 0 0 0 55 0 0 0 0 0 0 0
1216128834 2676 0 0 0 0 0 0 0 0 0 0 0 55 0 0 0 0 0 0 0
1221401612 2676 0 0 0 0 1 0 0 0 0 0 0 55 0 0 0 0 0 0 0
1224364037 2676 0 0 0 0 324 0 0 0 0 0 0 55 0 0 0 0 0 0 0
1224531756 2676 0 0 0 0 353 0 0 0 0 0 0 55 0 0 0 0 0 0 0
1224597517 2676 0 0 0 0 353 0 0 0 0 0 0 55 0 0 0 0 0 0 0
1224599013 2678 0 0 0 0 353 0 0 0 0 0 0 55 0 0 0 0 0 0 0
1227341429 2688 0 0 0 0 353 0 0 0 0 0 0 55 0 0 0 0 0 0 0
1227341726 2693 0 0 0 0 353 0 0 0 0 0 0 55 0 0 0 0 0 0 0
1227342734 2700 0 0 0 0 353 0 0 0 0 0 0 55 0 0 0 0 0 0 0
1227345415 2701 0 0 0 0 353 0 0 0 0 0 0 55 0 0 0 0 0 0 0
1230016066 2709 0 0 0 0 353 0 0 0 0 0 0 55 0 0 0 0 0 0 0
1230017076 2717 0 0 0 0 353 0 0 0 0 0 0 55 0 0 0 0 0 0 0
1230017527 2718 0 0 0 0 353 0 0 0 0 0 0 55 0 0 0 0 0 0 0
1230018723 2725 0 0 0 0 353 0 0 0 0 0 0 55 0 0 0 0 0 0 0
1231950023 2736 0 0 0 0 353 0 0 0 0 0 0 55 0 0 0 0 0 0 0
1231950183 2737 0 0 0 0 353 0 0 0 0 0 0 55 0 0 0 0 0 0 0
1231950517 2741 0 0 0 0 353 0 0 0 0 0 0 55 0 0 0 0 0 0 0
1242557579 2741 0 0 0 0 353 0 0 0 0 0 0 55 0 0 0 0 0 0 2
1245345947 2742 0 0 0 0 353 0 0 0 0 0 0 55 0 0 0 0 0 0 2
1245347172 2751 0 0 0 0 353 0 0 0 0 0 0 55 0 0 0 0 0 0 2
1245348455 2777 0 0 0 0 353 0 0 0 0 0 0 55 0 0 0 0 0 0 2
1245348998 2779 0 0 0 0 353 0 0 0 0 0 0 55 0 0 0 0 0 0 2
1245484804 2779 0 0 0 0 353 0 0 0 0 0 0 55 0 0 0 0 0 0 2
1245500196 2780 0 0 0 0 353 0 0 0 0 0 0 55 0 0 0 0 0 0 2
1245501876 2790 0 0 0 0 353 0 0 0 0 0 0 55 0 0 0 0 0 0 2
1245502479 2791 0 0 0 0 353 0 0 0 0 0 0 55 0 0 0 0 0 0 2
1252521237 2799 0 0 0 0 353 0 0 0 0 0 0 55 0 0 0 0 0 0 2
1256576008 2800 0 0 0 0 353 0 0 0 0 0 0 55 0 0 0 0 0 0 2
1256577884 2803 0 0 0 0 353 0 0 0 0 0 0 55 0 0 0 0 0 0 2
1256580463 2809 0 0 0 0 353 0 0 0 0 0 0 55 0 0 0 0 0 0 2
1257592281 2810 0 0 0 0 353 0 0 0 0 0 0 55 0 0 0 0 0 0 2
1260703742 2814 0 0 0 0 353 0 0 0 0 0 0 55 0 0 0 0 0 0 2
1260703816 2835 0 0 0 0 353 0 0 0 0 0 0 55 0 0 0 0 0 0 2
1260704572 2842 0 0 0 0 353 0 0 0 0 0 0 55 0 0 0 0 0 0 2
1260704988 2843 0 0 0 0 353 0 0 0 0 0 0 55 0 0 0 0 0 0 2
1260803527 2845 0 0 0 0 353 0 0 0 0 0 0 55 0 0 0 0 0 0 2
1261583293 2857 0 0 0 0 353 0 0 0 0 0 0 55 0 0 0 0 0 0 2
1261583622 2868 0 0 0 0 353 0 0 0 0 0 0 55 0 0 0 0 0 0 2
1261583680 2877 0 0 0 0 353 0 0 0 0 0 0 55 0 0 0 0 0 0 2
1261583734 2877 0 0 0 0 353 0 0 0 0 0 0 55 0 0 0 0 0 0 2
1261583916 2877 0 0 0 0 353 0 0 0 0 0 0 55 0 0 0 0 0 0 2
1261585946 2880 0 0 0 0 353 0 0 0 0 0 0 55 0 0 0 0 0 0 2
1261589904 2932 0 0 0 0 353 0 0 0 0 0 0 55 0 0 0 0 0 0 2
1261590596 2950 0 0 0 0 353 0 0 0 0 0 0 55 0 0 0 0 0 0 2
1261597932 2970 0 0 0 0 353 0 0 0 0 0 0 55 0 0 0 0 0 0 2
1261598663 2971 0 0 0 0 353 0 0 0 0 0 0 55 0 0 0 0 0 0 2
1261599918 2981 0 0 0 0 353 0 0 0 0 0 0 55 0 0 0 0 0 0 2
1261642812 2984 0 0 0 0 353 0 0 0 0 0 0 55 0 0 0 0 0 0 2
1261643987 2992 0 0 0 0 353 0 0 0 0 0 0 55 0 0 0 0 0 0 2
1261644398 2997 0 0 0 0 353 0 0 0 0 0 0 55 0 0 0 0 0 0 2
1261645251 3005 0 0 0 0 353 0 0 0 0 0 0 55 0 0 0 0 0 0 2
1261645599 3007 0 0 0 0 353 0 0 0 0 0 0 55 0 0 0 0 0 0 2
1261646604 3008 0 0 0 0 353 0 0 0 0 0 0 55 0 0 0 0 0 0 2
1261731600 3008 0 0 0 0 353 0 0 0 0 0 0 55 0 0 0 0 0 0 2
1261733341 3009 0 0 0 0 353 0 0 0 0 0 0 55 0 0 0 0 0 0 2
1261733487 3015 0 0 0 0 353 0 0 0 0 0 0 55 0 0 0 0 0 0 2
1261734672 3024 0 0 0 0 353 0 0 0 0 0 0 55 0 0 0 0 0 0 2
1261735020 3025 0 0 0 0 353 0 0 0 0 0 0 55 0 0 0 0 0 0 2
1261815612 3028 0 0 0 0 353 0 0 0 0 0 0 55 0 0 0 0 0 0 2
1262962164 3028 0 1 0 0 353 0 0 0 0 0 0 55 0 0 0 0 0 0 2
1263080045 3028 0 59 0 0 353 0 0 0 0 0 0 55 0 0 0 0 0 0 2
1263231357 3049 0 59 0 0 353 0 0 0 0 0 0 55 0 0 0 0 0 0 2
1263484422 3056 0 59 0 0 353 0 0 0 0 0 0 55 0 0 0 0 0 0 2
1263588014 3059 0 59 0 0 353 0 0 0 0 0 0 55 0 0 0 0 0 0 2
1263588065 3060 0 59 0 0 353 0 0 0 0 0 0 55 0 0 0 0 0 0 2
1263638185 3061 0 59 0 0 353 0 0 0 0 0 0 55 0 0 0 0 0 0 2
1263645722 3072 0 59 0 0 353 0 0 0 0 0 0 55 0 0 0 0 0 0 2
1263647019 3073 0 59 0 0 353 0 0 0 0 0 0 55 0 0 0 0 0 0 2
1263648037 3075 0 59 0 0 353 0 0 0 0 0 0 55 0 0 0 0 0 0 2
1263648098 3111 0 59 0 0 353 0 0 0 0 0 0 55 0 0 0 0 0 0 2
1263650824 3137 0 59 0 0 353 0 0 0 0 0 0 55 0 0 0 0 0 0 2
1263709246 3141 0 59 0 0 353 0 0 0 0 0 0 55 0 0 0 0 0 0 2
1263710902 3157 0 59 0 0 353 0 0 0 0 0 0 55 0 0 0 0 0 0 2
1263713165 3158 0 59 0 0 353 0 0 0 0 0 0 55 0 0 0 0 0 0 2
1263746341 3158 0 66 0 0 353 0 0 0 0 0 0 55 0 0 0 0 0 0 2
1263747379 3158 0 67 0 0 353 0 0 0 0 0 0 55 0 0 0 0 0 0 2
1264922589 3160 0 67 0 0 353 0 0 0 0 0 0 55 0 0 0 0 0 0 2
1267226774 3160 0 67 0 0 358 0 0 0 0 0 0 55 0 0 0 0 0 0 2
1269377539 3160 0 67 0 0 358 0 0 0 3 0 0 55 0 0 0 0 0 0 2
1270213285 3164 0 67 0 0 358 0 0 0 3 0 0 55 0 0 0 0 0 0 2
1270213584 3169 0 67 0 0 358 0 0 0 3 0 0 55 0 0 0 0 0 0 2
1270213658 3173 0 67 0 0 358 0 0 0 3 0 0 55 0 0 0 0 0 0 2
1270213921 3174 0 67 0 0 358 0 0 0 3 0 0 55 0 0 0 0 0 0 2
1276003631 3175 0 67 0 0 358 0 0 0 3 0 0 55 0 0 0 0 0 0 2
1276005398 3190 0 67 0 0 358 0 0 0 3 0 0 55 0 0 0 0 0 0 2
1276145510 3191 0 67 0 0 358 0 0 0 3 0 0 55 0 0 0 0 0 0 2
1277251503 3191 0 67 0 0 358 0 0 0 3 0 0 55 0 0 0 0 0 0 2
1277661324 3191 0 68 0 0 358 0 0 0 3 0 0 55 0 0 0 0 0 0 2
1279912829 3192 0 68 0 0 358 0 0 0 3 0 0 55 0 0 0 0 0 0 2
1281164815 3233 0 68 0 0 358 0 0 0 3 0 0 55 0 0 0 0 0 0 2
1281165936 3270 0 68 0 0 358 0 0 0 3 0 0 55 0 0 0 0 0 0 2
1285683641 3270 0 68 0 0 358 0 0 0 3 0 0 55 0 0 0 0 0 1 2
1287336441 3277 0 68 0 0 358 0 0 0 3 0 0 55 0 0 0 0 0 1 2
1287602087 3278 0 68 0 0 358 0 0 0 3 0 0 55 0 0 0 0 0 1 2
1294476259 3281 0 68 0 0 358 0 0 0 3 0 0 55 0 0 0 0 0 1 2
1294477431 3286 0 68 0 0 358 0 0 0 3 0 0 55 0 0 0 0 0 1 2
1294685092 3287 0 68 5 0 358 0 0 0 3 0 0 55 0 0 0 0 0 1 2
1295074832 3294 0 68 158 0 358 0 0 0 3 0 0 55 0 0 0 0 0 1 2
1295282151 3295 0 68 158 0 358 0 0 0 3 0 0 55 0 0 0 0 0 1 2
1295285850 3303 0 138 158 0 358 0 0 0 3 0 0 55 0 0 0 0 0 1 2
1295287285 3305 0 138 158 0 358 0 0 0 3 0 0 55 0 0 0 0 0 1 2
1295287320 3306 0 138 158 0 358 0 0 0 3 0 0 55 0 0 0 0 0 1 2
1295372806 3319 0 138 158 0 358 0 0 0 3 0 0 55 0 0 0 0 0 1 2
1295450669 3322 0 138 158 0 358 0 0 0 3 0 0 55 0 0 0 0 0 1 2
1295453271 3322 0 138 164 0 358 0 0 0 3 0 0 55 0 0 0 0 0 1 2
1298043216 3327 0 138 164 0 358 0 0 0 3 0 0 55 0 0 0 0 0 1 2
1300729569 3329 0 138 164 0 358 0 0 0 3 0 0 55 0 0 0 0 0 1 2
1302027851 3329 0 138 164 0 358 0 0 0 3 0 0 55 0 0 0 1 0 1 2
1316030600 3329 0 138 164 0 358 0 0 0 3 0 0 55 0 0 0 1 0 1 2
1317151943 3329 0 138 164 0 358 0 0 0 3 0 0 55 0 0 0 1 0 1 2
1319398208 3329 0 138 164 0 358 0 0 0 3 0 0 55 15 0 0 1 0 1 2
1319398261 3329 0 138 164 0 358 0 0 0 3 0 0 55 16 0 0 1 0 1 2
1319552927 3329 0 138 164 0 358 0 0 0 3 0 0 55 16 0 0 1 0 1 2
1319555529 3334 0 138 164 0 358 0 0 0 3 0 0 55 16 0 0 1 0 1 2
1321775428 3337 0 138 164 0 358 0 0 0 3 0 0 55 16 0 0 1 0 1 2
1331239213 3337 0 138 164 0 358 0 0 0 3 0 0 55 16 1 0 1 0 1 2
1337522953 3337 0 138 164 0 358 0 0 1 3 0 0 55 16 1 0 1 0 1 2
1337603789 3337 0 138 164 0 358 0 0 19 3 0 0 55 16 1 0 1 0 1 2
1338230534 3339 0 138 164 0 358 0 0 19 3 0 0 55 16 1 0 1 0 1 2
1338230600 3340 0 138 164 0 358 0 0 19 3 0 0 55 16 1 0 1 0 1 2
1342190955 3344 0 138 164 0 358 0 0 19 3 0 0 55 16 1 0 1 0 1 2
1342192049 3349 0 138 164 0 358 0 0 19 3 0 0 55 16 1 0 1 0 1 2
1342204925 3350 0 138 164 0 358 0 0 19 3 0 0 55 16 1 0 1 0 1 2
1342299799 3350 0 138 164 0 358 1 0 19 3 0 0 55 16 1 0 1 0 1 2
1342300020 3350 0 138 164 0 358 5 0 19 3 0 0 55 16 1 0 1 0 1 2
1342348798 3350 0 138 164 0 358 8 0 19 3 0 0 55 16 1 0 1 0 1 2
1342514334 3350 0 138 164 0 358 8 0 19 3 0 0 55 16 1 0 1 0 1 2
1342556888 3350 0 138 164 0 358 8 0 19 3 0 0 55 16 1 0 1 0 1 2
1342692495 3365 0 138 164 0 358 8 0 19 3 0 0 55 16 1 0 1 0 1 2
1355773460 3372 0 138 164 0 358 8 0 19 3 0 0 55 16 1 0 1 0 1 2
1359401944 3372 0 138 164 0 358 8 0 19 3 0 0 55 16 1 0 1 0 1 2
1361690957 3376 0 138 164 0 358 8 0 19 3 0 0 55 16 1 0 1 0 1 2
1361691011 3376 0 138 164 0 358 22 0 19 3 0 0 55 16 1 0 1 0 1 2
1374589326 3376 0 138 164 0 358 22 0 19 3 0 16 55 16 1 0 1 0 1 2
1374590549 3378 0 138 164 0 358 22 0 19 3 0 16 55 16 1 0 1 0 1 2
1374866700 3379 0 138 164 0 358 22 0 19 3 0 16 55 16 1 0 1 0 1 2
1375108956 3386 0 138 164 0 358 22 0 19 3 0 16 55 16 1 0 1 0 1 2
1379816331 3386 0 138 164 0 358 22 0 21 3 0 16 55 16 1 0 1 0 1 2
1387631044 3390 0 138 164 0 358 22 0 21 3 0 16 55 16 1 0 1 0 1 2
1387631631 3391 0 138 164 0 358 22 0 21 3 0 16 55 16 1 0 1 0 1 2
1394467712 3391 0 138 164 0 358 22 0 21 3 0 16 55 16 1 0 1 9 1 2
1396097946 3392 0 138 164 0 358 22 0 21 3 0 16 55 16 1 0 1 9 1 2
1401796128 3392 0 138 164 0 358 22 0 21 3 0 16 55 16 1 0 1 9 1 2
1401816059 3394 0 138 164 0 358 22 0 21 3 26 16 55 16 1 0 1 9 1 2
1403019741 3398 0 138 164 0 358 22 0 21 3 26 16 55 16 1 0 1 9 1 2
1410533596 3398 0 138 164 0 358 22 4 21 3 26 16 55 16 1 0 1 9 1 2
1410589701 3398 0 138 164 0 358 22 4 21 3 26 16 55 16 1 0 1 9 1 2
1411191519 3398 0 138 164 0 358 22 5 21 3 26 16 55 16 1 0 1 9 1 2
1415377120 3399 0 138 164 0 358 22 5 21 3 26 16 55 16 1 0 1 9 1 2
1415377829 3414 0 138 164 0 358 22 5 21 3 26 16 55 16 1 0 1 9 1 2
1415378081 3415 0 138 164 0 358 22 5 21 3 26 16 55 16 1 0 1 9 1 2
1415378292 3417 0 138 164 0 358 22 5 21 3 26 16 55 16 1 0 1 9 1 2
1415378391 3418 0 138 164 0 358 22 5 21 3 26 16 55 16 1 0 1 9 1 2
1415379974 3419 0 138 164 0 358 22 5 21 3 26 16 55 16 1 0 1 9 1 2
1418093771 3419 0 138 164 0 358 22 5 21 3 26 17 55 16 1 0 1 9 1 2
1436896884 3419 0 138 164 0 358 22 5 21 3 26 17 55 16 1 1 1 9 1 2
1450893921 3419 0 138 164 0 358 22 5 21 3 26 17 55 16 1 1 1 9 1 2
1731609174 3419 4 138 164 0 358 22 5 21 3 26 17 55 16 1 1 1 9 1 2
1731615658 3419 1709 138 164 0 358 22 5 21 3 26 17 55 16 1 1 1 9 1 2
1731618897 3419 1714 138 164 0 358 22 5 21 3 26 17 55 16 1 1 1 9 1 2
1731698160 3419 1758 138 164 0 358 22 5 21 3 26 17 55 16 1 1 1 9 1 2
1731776742 3419 1768 138 164 0 358 22 5 21 3 26 17 55 16 1 1 1 9 1 2
1731777077 3419 1768 138 164 0 358 22 5 21 3 26 17 55 16 1 1 1 9 1 2
1731789183 3419 1931 138 164 0 358 22 5 21 3 26 17 55 16 1 1 1 9 1 2
1731789844 3419 1933 138 164 0 358 22 5 21 3 26 17 55 16 1 1 1 9 1 2
1731790041 3419 1937 138 164 0 358 22 5 21 3 26 17 55 16 1 1 1 9 1 2
1731790253 3419 1937 138 164 0 358 22 5 21 3 26 17 55 16 1 1 1 9 1 2
1731860424 3419 1940 138 164 0 358 22 5 21 3 26 17 55 16 1 1 1 9 1 2
1731860554 3419 1940 138 164 0 358 22 5 21 3 26 17 55 16 1 1 1 9 1 2
1731860578 3419 1940 138 164 0 358 22 5 21 3 26 17 55 16 1 1 1 9 1 2
1731860634 3419 1940 138 164 0 358 22 5 21 3 26 17 55 16 1 1 1 9 1 2
1731861521 3419 1943 138 164 0 358 22 5 21 3 26 17 55 16 1 1 1 9 1 2
1731861708 3419 1946 138 164 0 358 22 5 21 3 26 17 55 16 1 1 1 9 1 2
1731861764 3419 1946 138 164 0 358 22 5 21 3 26 17 55 16 1 1 1 9 1 2
1731870301 3419 1957 138 164 0 358 22 5 21 3 26 17 55 16 1 1 1 9 1 2
1731870335 3419 1957 138 164 0 358 22 5 21 3 26 17 55 16 1 1 1 9 1 2
1731881226 3419 2002 138 164 0 358 22 5 21 3 26 17 55 16 1 1 1 9 1 2
1731881323 3419 2003 138 164 0 358 22 5 21 3 26 17 55 16 1 1 1 9 1 2
1731916634 3419 2005 138 164 0 358 22 5 21 3 26 17 55 16 1 1 1 9 1 2
1732044577 3419 2009 138 164 0 358 22 5 21 3 26 17 55 16 1 1 1 9 1 2
1732209422 3419 2010 138 164 0 358 22 5 21 3 26 17 55 16 1 1 1 9 1 2
1732209463 3419 2013 138 164 0 358 22 5 21 3 26 17 55 16 1 1 1 9 1 2
1732210840 3419 2068 138 164 0 358 22 5 21 3 26 17 55 16 1 1 1 9 1 2
1732211221 3419 2069 138 164 0 358 22 5 21 3 26 17 55 16 1 1 1 9 1 2
1732211259 3419 2069 138 164 0 358 22 5 21 3 26 17 55 16 1 1 1 9 1 2
1732211429 3419 2073 138 164 0 358 22 5 21 3 26 17 55 16 1 1 1 9 1 2
1732213512 3419 2132 138 164 0 358 22 5 21 3 26 17 55 16 1 1 1 9 1 2
1732263697 3419 2132 138 164 1 358 22 5 21 3 26 17 55 16 1 1 1 9 1 2
1732263705 3419 2132 138 164 2 358 22 5 21 3 26 17 55 16 1 1 1 9 1 2
1732263715 3419 2132 138 164 3 358 22 5 21 3 26 17 55 16 1 1 1 9 1 2
1732265100 3419 2132 138 164 3 358 22 5 21 3 26 17 55 16 1 1 1 9 1 2
1732265114 3419 2132 138 164 3 358 22 5 21 3 26 17 55 16 1 1 1 9 1 2
1732265122 3419 2132 138 164 3 358 22 5 21 3 26 17 55 16 1 1 1 9 1 2
1732266438 3419 2222 138 164 3 358 22 5 21 3 26 17 55 16 1 1 1 9 1 2
1732266505 3419 2223 138 164 3 358 22 5 21 3 26 17 55 16 1 1 1 9 1 2
1732266991 3419 2223 138 164 3 358 22 5 21 3 26 17 55 16 1 1 1 9 1 2
1732267401 3419 2270 138 164 3 358 22 5 21 3 26 17 55 16 1 1 1 9 1 2
1732267505 3419 2273 138 164 3 358 22 5 21 3 26 17 55 16 1 1 1 9 1 2
1732267613 3419 2279 138 164 3 358 22 5 21 3 26 17 55 16 1 1 1 9 1 2
1732267819 3419 2281 138 164 3 358 22 5 21 3 26 17 55 16 1 1 1 9 1 2
1732268579 3419 2282 138 164 3 358 22 5 21 3 26 17 55 16 1 1 1 9 1 2
1732268740 3419 2283 138 164 3 358 22 5 21 3 26 17 55 16 1 1 1 9 1 2
1732269039 3419 2284 138 164 3 358 22 5 21 3 26 17 55 16 1 1 1 9 1 2
1732269192 3419 2288 138 164 3 358 22 5 21 3 26 17 55 16 1 1 1 9 1 2
1732269398 3419 2289 138 164 3 358 22 5 21 3 26 17 55 16 1 1 1 9 1 2
1732269761 3419 2297 138 164 3 358 22 5 21 3 26 17 55 16 1 1 1 9 1 2
1732269819 3419 2297 138 164 3 358 22 5 21 3 26 17 55 16 1 1 1 9 1 2
1732270274 3419 2311 138 164 3 358 22 5 21 3 26 17 55 16 1 1 1 9 1 2
1732270746 3419 2311 138 164 3 358 22 5 21 3 26 17 55 16 1 1 1 9 1 2
1732279869 3419 2312 138 164 3 358 22 5 21 3 26 17 55 16 1 1 1 9 1 2
1732282088 3419 2313 138 164 3 358 22 5 21 3 26 17 55 16 1 1 1 9 1 2
1732288399 3419 2317 138 164 3 358 22 5 21 3 26 17 55 16 1 1 1 9 1 2
1732289081 3419 2318 138 164 3 358 22 5 21 3 26 17 55 16 1 1 1 9 1 2
1732289941 3419 2324 138 164 3 358 22 5 21 3 26 17 55 16 1 1 1 9 1 2
1732392584 3419 2368 138 164 3 358 22 5 21 3 26 17 55 16 1 1 1 9 1 2
1732394727 3419 2373 138 164 3 358 22 5 21 3 26 17 55 16 1 1 1 9 1 2
1732661447 3419 2379 138 164 3 358 22 5 21 3 26 17 55 16 1 1 1 9 1 2
1732664690 3419 2403 138 164 3 358 22 5 21 3 26 17 55 16 1 1 1 9 1 2
1732693660 3419 2404 138 164 3 358 22 5 21 3 26 17 55 16 1 1 1 9 1 2
1732782802 3419 2448 138 164 3 358 22 5 21 3 26 17 55 16 1 1 1 9 1 2
1733002623 3419 2478 138 164 3 358 22 5 21 3 26 17 55 16 1 1 1 9 1 2
1733243802 3419 2479 138 164 3 358 22 5 21 3 26 17 55 16 1 1 1 9 1 2
1733243874 3419 2480 138 164 3 358 22 5 21 3 26 17 55 16 1 1 1 9 1 2
1733506263 3419 2481 138 164 3 358 22 5 21 3 26 17 55 16 1 1 1 9 1 2
1734035504 3419 2561 138 164 3 358 22 5 21 3 26 17 55 16 1 1 1 9 1 2
1735703961 3419 2561 138 164 4 358 22 5 21 3 26 17 55 16 1 1 1 9 1 2
1735745343 3419 2571 138 164 4 358 22 5 21 3 26 17 55 16 1 1 1 9 1 2
1735952025 3419 2617 138 164 4 358 22 5 21 3 26 17 55 16 1 1 1 9 1 2
1736016539 3419 2738 138 164 4 358 22 5 21 3 26 17 55 16 1 1 1 9 1 2
1736018253 3419 2740 138 164 4 358 22 5 21 3 26 17 55 16 1 1 1 9 1 2
1736149413 3419 2741 138 164 4 358 22 5 21 3 26 17 55 16 1 1 1 9 1 2
1736201449 3419 2744 138 164 4 358 22 5 21 3 26 17 55 16 1 1 1 9 1 2
1736336280 3419 2761 138 164 4 358 22 5 21 3 26 17 55 16 1 1 1 9 1 2
1736549405 3419 3828 138 164 4 358 22 5 21 3 26 17 55 16 1 1 1 9 1 2
1736550274 3419 3830 138 164 4 358 22 5 21 3 26 17 55 16 1 1 1 9 1 2
1736552093 3419 3834 138 164 4 358 22 5 21 3 26 17 55 16 1 1 1 9 1 2
1736553574 3419 3843 138 164 4 358 22 5 21 3 26 17 55 16 1 1 1 9 1 2
1736553776 3419 3844 138 164 4 358 22 5 21 3 26 17 55 16 1 1 1 9 1 2
1736791185 3419 3851 138 164 4 358 22 5 21 3 26 17 55 16 1 1 1 9 1 2
1736940691 3419 3857 138 164 4 358 22 5 21 3 26 17 55 16 1 1 1 9 1 2
1737015860 3419 3927 138 164 4 358 22 5 21 3 26 17 55 16 1 1 1 9 1 2
